1;20200203;20200205;1200;1200;false;1;2;1;1023456789;4536000.0
2;20231111;20231112;1200;1300;false;1;3;9;1014903362;432000.0
3;20231015;20231015;2100;2147;false;1;3;9;1014903362;216000.0
4;20231015;20231016;2100;2358;false;3;3;9;1034567890;216000.0
5;20231114;20231115;1200;1200;false;1;1;3;1023456789;73500.0
6;20231113;20231114;1200;1200;false;2;2;1;1023456789;48000.0
<<<<<<< HEAD
7;20231113;20231119;1500;1200;false;2;2;5;1023456789;777600.0
=======
7;20231113;20231113;1500;1901;false;2;2;5;1023456789;777600.0
>>>>>>> fc434b59c8e064e2d8f77c7ffb3abb2f4bc7aee1
